City,Amsterdam,Salzburg,Sofia,Zagreb,Prague,Copenhagen,Helsinki,Paris,Lyon,Athens,Budapest,Dublin,Milan,Rome,Venice,Luxembourg,Rotterdam,Oslo,Lisbon,Bucharest,Belgrade,Bratislava,Madrid,Seville,Zurich,Sarajevo,Istanbul,London,Munich,Nuremberg
Amsterdam,0.0,16.19,35.41,22.66,13.49,11.52,30.7,9.98,13.48,42.29,23.26,15.2,16.81,24.26,18.85,6.89,2.65,19.48,36.47,36.15,28.75,19.49,29.68,37.24,12.07,28.17,44.28,6.92,12.48,10.9
Salzburg,16.19,0.0,19.55,6.49,6.9,18.03,33.21,16.84,12.57,26.1,9.19,30.45,7.69,11.68,4.76,11.44,16.01,29.33,40.19,21.53,12.92,6.47,30.37,37.39,7.66,11.99,29.09,22.0,3.78,5.41
Sofia,35.41,19.55,0.0,13.24,22.78,33.4,40.55,35.85,30.38,8.99,12.93,50.0,23.76,20.02,19.14,30.95,35.51,43.71,54.78,6.67,6.67,16.5,44.15,49.6,26.48,8.58,10.34,41.53,23.31,24.54
Zagreb,22.66,6.49,13.24,0.0,11.64,23.19,35.81,22.64,17.46,19.64,6.49,36.87,11.12,10.57,6.36,17.75,22.48,34.37,43.67,16.17,6.79,6.92,33.33,39.74,13.27,5.54,23.15,28.45,10.26,11.8
Prague,13.49,6.9,22.78,11.64,0.0,11.56,26.5,18.23,16.23,30.59,10.04,28.68,13.55,18.57,11.64,11.88,14.46,22.8,44.1,22.76,16.31,6.3,35.0,42.35,11.19,16.9,31.0,20.27,6.3,4.92
Copenhagen,11.52,18.03,33.4,23.19,11.56,0.0,19.26,21.01,22.54,41.71,20.5,24.13,22.88,29.25,22.47,15.82,14.05,11.3,47.88,31.95,27.3,17.21,40.49,48.1,18.84,28.36,40.32,17.37,15.79,13.55
Helsinki,30.7,33.21,40.55,35.81,26.5,19.26,0.0,40.24,41.16,49.52,30.27,41.07,39.96,44.82,37.96,34.77,33.28,15.7,67.13,35.98,36.59,28.91,59.58,67.17,36.78,39.39,43.06,35.88,32.55,30.61
Paris,9.98,16.84,35.85,22.64,18.23,21.01,40.24,0.0,6.43,40.98,25.85,16.01,12.75,19.63,16.86,6.37,7.35,29.41,26.98,38.36,29.42,22.52,19.7,27.28,9.38,27.53,45.76,9.44,13.53,13.58
Lyon,13.48,12.57,30.38,17.46,16.23,22.54,41.16,6.43,0.0,34.91,21.74,22.43,6.69,13.22,11.25,6.91,11.34,32.46,27.96,33.57,24.22,18.91,18.82,26.27,5.16,21.87,40.53,15.36,10.23,11.32
Athens,42.29,26.1,8.99,19.64,30.59,41.71,49.52,40.98,34.91,0.0,21.28,56.13,28.27,22.5,24.26,36.98,41.97,52.32,56.03,14.41,14.41,24.52,45.47,49.78,31.95,14.11,12.39,47.85,29.83,31.44
Budapest,23.26,9.19,12.93,6.49,10.04,20.5,30.27,25.85,21.74,21.28,0.0,38.31,16.23,17.03,11.81,20.03,23.82,31.06,49.08,12.92,6.92,3.78,38.99,45.68,16.85,9.13,21.02,29.81,12.35,12.83
Dublin,15.2,30.45,50.0,36.87,28.68,24.13,41.07,16.01,22.43,56.13,38.31,0.0,28.4,35.57,31.91,19.17,14.53,26.18,31.8,51.22,43.34,34.57,29.57,35.99,24.24,42.2,59.24,8.51,26.69,25.59
Milan,16.81,7.69,23.76,11.12,13.55,22.88,39.96,12.75,6.69,28.27,16.23,28.4,0.0,7.49,4.77,10.09,15.43,33.82,32.85,27.29,17.76,14.08,22.8,29.71,4.76,15.22,33.98,20.63,7.42,9.5
Rome,24.26,11.68,20.02,10.57,18.57,29.25,44.82,19.63,13.22,22.5,17.03,35.57,7.49,0.0,6.94,17.58,22.92,40.45,34.75,25.02,15.45,16.5,24.14,29.88,12.22,11.81,30.32,28.03,13.48,15.73
Venice,18.85,4.76,19.14,6.36,11.64,22.47,37.96,16.86,11.25,24.26,11.81,31.91,4.77,6.94,0.0,12.85,18.05,33.74,37.44,22.52,13.01,10.26,27.22,33.87,7.69,10.69,29.29,23.75,6.92,9.12
Luxembourg,6.89,11.44,30.95,17.75,11.88,15.82,34.77,6.37,6.91,36.98,20.03,19.17,10.09,17.58,12.85,0.0,5.34,25.55,32.95,32.8,24.35,16.52,24.81,32.39,5.41,23.04,40.51,10.9,7.78,7.38
Rotterdam,2.65,16.01,35.51,22.48,14.46,14.05,33.28,7.35,11.34,41.97,23.82,14.53,15.43,22.92,18.05,5.34,0.0,22.07,33.86,36.73,28.85,20.1,27.04,34.6,10.75,27.91,44.71,6.03,12.23,11.06
Oslo,19.48,29.33,43.71,34.37,22.8,11.3,15.7,29.41,32.46,52.32,31.06,26.18,33.82,40.45,33.74,25.55,22.07,0.0,55.0,41.3,37.97,28.08,49.05,56.57,29.48,39.39,49.49,22.62,26.97,24.72
Lisbon,36.47,40.19,54.78,43.67,44.1,47.88,67.13,26.98,27.96,56.03,49.08,31.8,32.85,34.75,37.44,32.95,33.86,55.0,0.0,59.51,49.81,46.67,10.64,8.39,33.12,46.46,65.06,32.41,38.19,39.18
Bucharest,36.15,21.53,6.67,16.17,22.76,31.95,35.98,38.36,33.57,14.41,12.92,51.22,27.29,25.02,22.52,32.8,36.73,41.3,59.51,0.0,9.7,16.66,49.0,54.89,29.07,13.22,8.37,42.73,25.03,25.72
Belgrade,28.75,12.92,6.67,6.79,16.31,27.3,36.59,29.42,24.22,14.41,6.92,43.34,17.76,15.45,13.01,24.35,28.85,37.97,49.81,9.7,0.0,10.13,39.31,45.31,20.05,3.96,16.35,34.87,16.66,17.87
Bratislava,19.49,6.47,16.5,6.92,6.3,17.21,28.91,22.52,18.91,24.52,3.78,34.57,14.08,16.5,10.26,16.52,20.1,28.08,46.67,16.66,10.13,0.0,36.84,43.79,13.84,11.35,24.8,26.08,9.02,9.21
Madrid,29.68,30.37,44.15,33.33,35.0,40.49,59.58,19.7,18.82,45.47,38.99,29.57,22.8,24.14,27.22,24.81,27.04,49.05,10.64,49.0,39.31,36.84,0.0,7.6,23.81,35.88,54.42,27.36,28.83,30.12
Seville,37.24,37.39,49.6,39.74,42.35,48.1,67.17,27.28,26.27,49.78,45.68,35.99,29.71,29.88,33.87,32.39,34.6,56.57,8.39,54.89,45.31,43.79,7.6,0.0,31.17,41.67,59.67,34.63,36.11,37.52
Zurich,12.07,7.66,26.48,13.27,11.19,18.84,36.78,9.38,5.16,31.95,16.85,24.24,4.76,12.22,7.69,5.41,10.75,29.48,33.12,29.07,20.05,13.84,23.81,31.17,0.0,18.24,36.39,16.19,5.08,6.37
Sarajevo,28.17,11.99,8.58,5.54,16.9,28.36,39.39,27.53,21.87,14.11,9.13,42.2,15.22,11.81,10.69,23.04,27.91,39.39,46.46,13.22,3.96,11.35,35.88,41.67,18.24,0.0,18.9,33.85,15.73,17.34
Istanbul,44.28,29.09,10.34,23.15,31.0,40.32,43.06,45.76,40.53,12.39,21.02,59.24,33.98,30.32,29.29,40.51,44.71,49.49,65.06,8.37,16.35,24.8,54.42,59.67,36.39,18.9,0.0,50.74,32.75,33.66
London,6.92,22.0,41.53,28.45,20.27,17.37,35.88,9.44,15.36,47.85,29.81,8.51,20.63,28.03,23.75,10.9,6.03,22.62,32.41,42.73,34.87,26.08,27.36,34.63,16.19,33.85,50.74,0.0,18.23,17.09
Munich,12.48,3.78,23.31,10.26,6.3,15.79,32.55,13.53,10.23,29.83,12.35,26.69,7.42,13.48,6.92,7.78,12.23,26.97,38.19,25.03,16.66,9.02,28.83,36.11,5.08,15.73,32.75,18.23,0.0,2.25
Nuremberg,10.9,5.41,24.54,11.8,4.92,13.55,30.61,13.58,11.32,31.44,12.83,25.59,9.5,15.73,9.12,7.38,11.06,24.72,39.18,25.72,17.87,9.21,30.12,37.52,6.37,17.34,33.66,17.09,2.25,0.0
